Npzfile:  data
Matrix size: rows: 16  colums:  2000
Npzfile:  traces
Matrix size: rows: 2800  colums:  2000
input traceRoundNum:  10
input traceNum:  10
getAttR:  1
numTraces:  10
traceLength:  400
ConditionalAverager: initialized for %d values and trace length %d (256, 400)
trArr:  [0, 10]
index:  0
span:  (0, 10)
0
216
[ -56 -108  -71  -50  -97  -92 -101  -77  -73  -93  -84  -86  -96  -86
  -81  -84  -73  -86 -100 -100  -93  -93  -80  -88  -92  -85  -91  -85
  -72  -79  -99  -92  -82  -89  -80  -81  -87  -77  -77  -78  -69  -66
  -92  -97  -82  -88  -75  -74  -83  -80  -87  -79  -83  -89 -101  -87
  -97  -89  -87 -106  -98  -82  -77 -100  -91  -77  -84  -96  -91  -79
  -78 -100  -90  -94  -84  -75  -75  -81  -82  -82  -71  -90  -91  -89
  -69  -82  -77  -87  -96  -86  -79  -70  -72  -72  -78  -93  -84  -91
  -91  -92  -87  -75  -77  -77  -74  -67  -99  -80  -92  -92  -84  -70
  -82  -76  -75  -72  -88  -93  -78  -71  -82  -89  -85  -94 -109 -104
 -100  -85  -95 -100  -91  -92  -81  -83  -78  -95  -94 -112  -97  -94
  -68  -74  -72  -96  -84 -102  -90  -85  -79  -90  -86  -95  -88  -99
  -92  -81  -69  -94  -92 -110  -90  -77  -91 -105 -101  -97 -106 -110
  -78  -77  -81  -65  -64  -94  -76  -98  -86  -85  -73  -82  -83 -104
  -89 -101  -92  -87  -88  -78  -78 -106  -80  -92  -84  -93  -79  -76
  -74  -91  -89  -82  -97  -97 -113 -100  -99  -95  -74  -79  -76  -86
  -96 -102  -80 -100  -94  -90  -73  -82  -84 -108  -92 -106  -95  -95
  -78  -84  -81  -98  -84 -108  -93  -89  -75  -73  -79 -103  -76  -73
  -88 -104 -105  -97 -107 -102  -88  -85  -78  -80  -86 -102  -94  -83
  -84  -80  -70  -81  -85 -103  -87 -106  -93  -85  -90  -75  -87 -107
  -83 -103  -88  -93  -74  -70  -66  -78  -71  -86 -111  -90  -98  -86
  -64  -46  -92  -89  -84  -74  -85  -89  -85  -71  -93  -82  -76  -77
  -68  -76  -86  -90  -80  -77  -72  -67  -78  -80  -77  -86  -68  -70
  -92  -83  -62  -79  -80  -67  -90  -77  -70  -70  -68  -78  -86  -97
  -78  -78  -74  -57  -81  -74  -71  -95  -86  -98  -99  -80  -93  -72
  -75  -97  -77  -68  -78  -96  -94  -78  -75  -94  -85  -89  -84  -87
  -64  -67  -69  -72  -61  -75  -69  -70  -61  -82  -67  -68  -69  -77
  -69  -76  -91  -81  -96  -80  -80  -61  -77  -91  -87  -84  -88  -95
  -99  -75  -68  -60  -73  -72  -88  -76  -79  -81  -86  -55  -74  -84
  -74  -68  -82  -79  -77  -51  -68  -74]
1
68
[ -54 -102  -68  -47  -95  -88  -94  -72  -66  -89  -81  -83  -94  -82
  -77  -83  -68  -80 -100  -91  -91  -87  -78  -81  -81  -79  -84  -81
  -71  -72  -93  -89  -83  -92  -82  -85  -91  -80  -77  -79  -70  -67
  -93  -95  -82  -84  -74  -72  -77  -77  -88  -74  -78  -88  -95  -83
  -91  -82  -83 -103  -97  -86  -70  -93  -88  -79  -81  -97  -92  -77
  -77  -94  -84  -86  -78  -71  -70  -72  -75  -75  -66  -84  -86  -85
  -72  -77  -74  -79  -94  -85  -77  -62  -70  -70  -74  -87  -81  -86
  -86  -89  -85  -65  -67  -69  -72  -63  -91  -77  -90  -90  -78  -63
  -78  -75  -77  -67  -84  -93  -75  -67  -83  -84  -80  -89 -101  -96
  -94  -78  -90  -91  -83  -85  -75  -76  -74  -91  -89 -103  -91  -89
  -61  -69  -70  -90  -81  -93  -87  -83  -76  -83  -82  -95  -87  -95
  -87  -74  -68  -91  -87  -98  -81  -76  -93  -99 -101  -93 -102 -105
  -78  -75  -82  -63  -61  -90  -70  -85  -84  -77  -69  -72  -76  -95
  -86  -96  -86  -84  -83  -78  -77  -99  -77  -86  -78  -85  -74  -72
  -67  -83  -76  -74  -90  -91 -111  -97  -99  -95  -72  -80  -75  -84
  -90  -94  -77  -95  -89  -80  -70  -78  -79 -106  -86 -101  -93  -87
  -73  -79  -76  -94  -79 -102  -86  -82  -76  -74  -72  -97  -75  -74
  -84  -95 -100  -91 -101 -100  -90  -76  -69  -73  -78  -95  -81  -75
  -83  -72  -63  -77  -81  -99  -81  -97  -93  -80  -84  -70  -81 -101
  -83  -98  -87  -91  -71  -66  -64  -75  -68  -90 -113  -90  -94  -79
  -61  -46  -89  -86  -82  -67  -82  -84  -80  -66  -89  -78  -74  -76
  -66  -68  -79  -87  -80  -80  -75  -65  -73  -76  -73  -82  -68  -68
  -91  -80  -56  -74  -72  -61  -86  -73  -69  -66  -64  -72  -79  -90
  -73  -76  -71  -52  -75  -69  -64  -87  -80  -91  -95  -79  -88  -68
  -67  -94  -71  -62  -69  -92  -86  -71  -74  -92  -79  -85  -80  -81
  -58  -66  -64  -67  -53  -65  -64  -62  -53  -74  -64  -63  -64  -67
  -61  -61  -80  -71  -86  -73  -72  -59  -76  -84  -80  -80  -84  -87
  -99  -78  -66  -63  -68  -64  -84  -67  -69  -76  -76  -47  -66  -74
  -68  -56  -75  -75  -75  -45  -64  -70]
2
94
[ -60 -107  -77  -54 -101  -94  -99  -83  -79  -96  -82  -83  -95  -84
  -77  -84  -69  -82  -97  -95  -93  -89  -80  -88  -91  -82  -87  -81
  -71  -74  -94  -93  -85  -87  -75  -78  -88  -73  -73  -79  -71  -67
  -95  -96  -82  -82  -77  -75  -85  -79  -88  -81  -83  -89 -100  -84
  -95  -91  -86 -103  -99  -83  -74  -98  -95  -80  -85 -100  -89  -79
  -82 -102  -90  -90  -84  -72  -71  -77  -82  -79  -70  -89  -88  -85
  -71  -82  -76  -90  -97  -89  -84  -68  -72  -73  -82  -92  -85  -88
  -94  -93  -90  -73  -78  -77  -80  -70  -99  -83  -91  -92  -84  -68
  -85  -82  -78  -74  -92  -97  -83  -76  -85  -88  -86  -95 -109 -106
 -101  -86  -95  -99  -92  -87  -78  -84  -79 -100  -95 -111  -98  -95
  -63  -73  -75  -94  -84  -99  -90  -84  -83  -89  -87  -99  -90  -96
  -96  -81  -68  -89  -90 -104  -91  -78  -92 -102 -104  -96 -102 -108
  -80  -77  -83  -67  -65  -94  -76  -97  -88  -83  -72  -79  -81 -102
  -88  -98  -89  -84  -84  -79  -81 -107  -81  -93  -85  -91  -82  -80
  -76  -91  -87  -84  -97  -96 -113 -100 -101  -98  -77  -81  -77  -87
  -96 -104  -82 -101  -99  -89  -74  -81  -82 -108  -91 -102  -93  -93
  -79  -79  -73  -96  -81 -107  -97  -89  -79  -78  -79 -106  -76  -77
  -92 -105 -111  -96 -103 -104  -90  -80  -76  -78  -83 -101  -87  -78
  -86  -76  -72  -87  -89 -106  -85 -102  -93  -85  -84  -80  -85  -97
  -85 -102  -92  -93  -80  -75  -68  -82  -76  -94 -113  -93  -99  -88
  -70  -47  -93  -92  -82  -71  -82  -88  -85  -69  -92  -81  -74  -78
  -69  -74  -88  -89  -82  -79  -71  -68  -78  -77  -76  -85  -66  -69
  -92  -81  -69  -79  -81  -67  -93  -80  -75  -78  -74  -84  -88  -95
  -76  -82  -68  -56  -81  -73  -70  -93  -91  -98 -101  -82  -92  -72
  -73  -98  -75  -63  -73  -97  -93  -79  -77  -99  -83  -88  -80  -87
  -63  -67  -64  -68  -56  -75  -72  -67  -59  -81  -73  -69  -66  -72
  -66  -72  -89  -82  -96  -75  -78  -61  -79  -90  -91  -86  -95  -93
 -103  -80  -69  -65  -77  -72  -90  -75  -75  -79  -85  -52  -76  -87
  -73  -63  -80  -79  -83  -54  -70  -78]
3
161
[ -46  -99  -65  -47  -92  -86  -96  -78  -68  -89  -76  -79  -92  -79
  -75  -81  -64  -79  -91  -87  -86  -87  -77  -81  -87  -74  -82  -78
  -69  -70  -89  -80  -77  -81  -76  -79  -83  -75  -74  -74  -66  -61
  -85  -93  -77  -78  -72  -67  -75  -69  -80  -70  -76  -84  -91  -79
  -90  -78  -78  -98  -91  -78  -65  -89  -85  -73  -77  -93  -86  -70
  -68  -91  -72  -81  -72  -64  -68  -71  -73  -71  -56  -77  -76  -80
  -64  -71  -66  -77  -87  -80  -74  -62  -64  -66  -70  -85  -77  -84
  -83  -89  -78  -61  -65  -64  -72  -59  -90  -73  -84  -81  -77  -61
  -73  -67  -67  -65  -80  -87  -69  -57  -71  -76  -73  -84 -100  -92
  -93  -75  -84  -88  -82  -85  -76  -77  -77  -89  -85  -99  -89  -87
  -56  -63  -64  -86  -70  -92  -79  -78  -72  -80  -81  -96  -81  -91
  -92  -80  -68  -81  -82 -101  -80  -75  -84  -96  -99  -92 -101 -108
  -74  -70  -78  -60  -61  -83  -66  -84  -79  -74  -71  -75  -77  -93
  -81  -93  -78  -82  -81  -73  -73  -99  -70  -82  -70  -83  -69  -68
  -65  -78  -73  -69  -84  -84 -105  -93  -94  -93  -75  -80  -77  -83
  -91  -98  -74  -96  -85  -83  -68  -74  -74  -98  -81  -97  -86  -85
  -75  -75  -69  -90  -77  -97  -86  -82  -72  -66  -70  -94  -62  -62
  -78  -90  -95  -87  -93  -94  -81  -72  -64  -70  -75  -91  -76  -75
  -79  -72  -60  -77  -76  -95  -77  -92  -87  -78  -80  -71  -77  -90
  -80  -95  -83  -84  -69  -63  -58  -67  -66  -79 -102  -83  -89  -77
  -59  -41  -82  -79  -72  -58  -71  -76  -76  -61  -80  -72  -67  -69
  -60  -66  -77  -80  -76  -74  -69  -58  -70  -69  -66  -78  -61  -62
  -85  -71  -56  -67  -66  -58  -86  -66  -68  -66  -62  -72  -76  -83
  -70  -73  -66  -48  -72  -64  -60  -79  -77  -88  -87  -74  -88  -65
  -70  -93  -69  -58  -66  -86  -77  -64  -69  -84  -67  -78  -72  -73
  -51  -60  -59  -58  -46  -62  -58  -54  -44  -69  -53  -57  -54  -61
  -55  -55  -75  -68  -83  -63  -70  -55  -71  -80  -79  -79  -81  -83
  -91  -73  -64  -55  -63  -59  -76  -59  -63  -69  -75  -43  -61  -74
  -63  -54  -70  -70  -68  -41  -57  -64]
4
9
[ -55 -103  -74  -51 -101  -95 -102  -83  -72  -90  -79  -85  -95  -83
  -78  -78  -71  -84  -97  -97  -95  -91  -81  -85  -89  -82  -86  -84
  -74  -78  -94  -89  -82  -86  -79  -83  -88  -79  -79  -77  -74  -71
  -96  -99  -84  -84  -74  -71  -79  -76  -86  -77  -84  -89  -98  -84
  -92  -81  -83 -101  -99  -85  -73  -95  -91  -78  -85  -94  -89  -75
  -79  -99  -83  -87  -80  -75  -73  -82  -82  -80  -68  -89  -86  -87
  -71  -74  -70  -79  -94  -84  -81  -66  -74  -73  -79  -90  -84  -89
  -89  -96  -89  -73  -76  -75  -78  -65  -97  -83  -90  -89  -81  -66
  -79  -74  -76  -71  -94  -95  -77  -65  -81  -88  -83  -90 -108 -101
  -99  -82  -95  -98  -91  -92  -80  -81  -75  -95  -96 -110  -93  -91
  -67  -72  -74  -92  -83 -100  -90  -86  -83  -91  -85  -95  -88  -99
  -94  -83  -69  -86  -90 -104  -87  -80  -91 -105 -106  -95 -103 -109
  -79  -76  -85  -64  -67  -93  -71  -92  -86  -80  -69  -81  -82 -101
  -86  -96  -83  -89  -85  -78  -81 -106  -78  -92  -84  -92  -81  -79
  -74  -85  -85  -82  -94  -91 -108  -98 -102  -96  -71  -74  -73  -87
  -93 -103  -80 -100  -96  -86  -75  -82  -81 -108  -94 -108  -93  -95
  -80  -86  -80 -105  -85 -109  -95  -88  -78  -78  -78 -103  -77  -77
  -90  -99 -106  -97 -102 -104  -89  -83  -73  -77  -82  -99  -86  -87
  -87  -77  -68  -84  -88 -102  -85 -101  -91  -86  -88  -78  -86  -96
  -85 -101  -92  -91  -76  -68  -68  -81  -76  -93 -112  -90  -98  -83
  -63  -48  -91  -93  -82  -69  -83  -88  -82  -70  -90  -82  -75  -75
  -69  -72  -86  -87  -81  -78  -72  -67  -74  -73  -75  -84  -68  -70
  -91  -81  -62  -78  -75  -64  -93  -79  -74  -73  -69  -78  -82  -95
  -76  -78  -71  -52  -78  -67  -67  -92  -81  -91  -93  -81  -86  -63
  -70  -95  -76  -66  -69  -91  -87  -71  -75  -93  -82  -88  -85  -86
  -63  -70  -65  -71  -59  -75  -72  -66  -58  -80  -72  -67  -67  -74
  -70  -71  -89  -77  -90  -79  -79  -63  -80  -90  -87  -85  -91  -89
  -98  -78  -70  -65  -74  -66  -88  -72  -76  -80  -86  -54  -72  -86
  -71  -64  -78  -80  -81  -51  -67  -73]
5
138
[ -53  -95  -65  -47  -94  -86  -99  -80  -70  -85  -73  -77  -93  -79
  -75  -79  -68  -76  -88  -87  -86  -84  -77  -81  -83  -77  -81  -81
  -72  -76  -95  -89  -76  -81  -72  -75  -87  -78  -75  -76  -67  -60
  -87  -93  -78  -81  -73  -73  -78  -65  -82  -71  -77  -83  -92  -78
  -90  -75  -73  -95  -93  -75  -69  -94  -83  -71  -73  -90  -84  -73
  -73  -93  -76  -81  -74  -66  -65  -72  -70  -70  -59  -75  -74  -77
  -61  -68  -68  -78  -83  -79  -71  -60  -68  -64  -69  -83  -75  -79
  -80  -83  -80  -67  -64  -63  -64  -49  -83  -71  -80  -84  -74  -59
  -72  -66  -64  -63  -81  -83  -73  -60  -76  -78  -74  -80  -95  -90
  -92  -77  -88  -88  -76  -79  -73  -76  -71  -92  -85  -99  -84  -83
  -59  -69  -67  -85  -74  -87  -74  -77  -68  -76  -76  -88  -73  -88
  -87  -69  -59  -82  -79  -97  -80  -71  -82  -96  -94  -92  -98 -104
  -73  -70  -77  -61  -56  -89  -69  -86  -76  -73  -63  -71  -72  -90
  -75  -86  -77  -76  -76  -67  -66  -93  -73  -84  -76  -80  -66  -67
  -64  -80  -75  -74  -85  -84 -106  -93  -95  -92  -74  -78  -69  -80
  -87  -92  -76  -92  -86  -85  -65  -71  -71  -97  -84  -98  -87  -89
  -72  -74  -70  -90  -74 -103  -86  -84  -73  -63  -70  -92  -68  -70
  -83  -92 -102  -92  -96  -98  -84  -78  -68  -75  -74  -92  -78  -74
  -79  -74  -63  -80  -80  -93  -76  -96  -90  -82  -82  -76  -80  -96
  -79  -94  -86  -89  -70  -65  -60  -70  -66  -84 -104  -85  -93  -82
  -60  -43  -82  -81  -75  -65  -75  -80  -78  -58  -83  -72  -70  -69
  -63  -65  -74  -75  -70  -73  -68  -62  -73  -71  -66  -75  -63  -65
  -84  -72  -55  -70  -68  -53  -84  -69  -69  -69  -63  -72  -80  -86
  -69  -71  -66  -49  -71  -64  -64  -83  -74  -93  -94  -78  -89  -63
  -70  -88  -67  -57  -63  -84  -80  -69  -68  -88  -74  -82  -79  -82
  -57  -66  -58  -60  -48  -62  -60  -57  -49  -70  -60  -57  -57  -61
  -55  -59  -76  -62  -79  -63  -66  -51  -65  -83  -78  -80  -80  -81
  -94  -74  -62  -58  -68  -61  -78  -61  -64  -69  -76  -48  -66  -72
  -60  -50  -69  -69  -68  -41  -58  -62]
6
99
[ -55 -106  -71  -49 -101  -93 -102  -81  -75  -95  -84  -86  -95  -84
  -78  -80  -71  -80  -95  -94  -89  -93  -77  -84  -90  -82  -88  -84
  -70  -72  -97  -89  -82  -89  -79  -82  -90  -78  -80  -80  -73  -70
  -92  -97  -84  -86  -74  -74  -84  -77  -87  -72  -79  -90 -102  -83
  -96  -85  -83 -103  -97  -82  -72  -97  -91  -78  -82  -99  -91  -77
  -75  -98  -84  -91  -81  -70  -68  -78  -79  -77  -69  -89  -87  -87
  -75  -77  -77  -87  -96  -85  -81  -65  -75  -74  -80  -90  -87  -92
  -91  -91  -89  -70  -73  -74  -74  -67  -99  -84  -90  -91  -78  -68
  -80  -76  -80  -74  -93  -95  -78  -67  -84  -86  -84  -93 -111 -103
 -103  -86  -97  -97  -88  -91  -80  -84  -84  -97  -97 -111  -96  -94
  -67  -71  -72  -94  -85 -101  -90  -89  -79  -89  -88  -98  -90  -98
  -94  -79  -71  -91  -90 -108  -85  -78  -96 -104 -102  -98 -106 -108
  -84  -74  -85  -64  -64  -91  -74  -94  -90  -81  -74  -80  -79 -102
  -83  -98  -90  -88  -88  -79  -82 -104  -84  -94  -81  -92  -81  -76
  -71  -88  -85  -82  -95  -97 -117 -100 -101  -96  -77  -83  -84  -94
 -101 -102  -81 -102  -95  -86  -76  -85  -82 -104  -92 -108  -97  -95
  -79  -83  -80  -99  -84 -108  -96  -90  -83  -80  -81 -104  -80  -78
  -88 -100 -107  -99 -103 -104  -90  -80  -73  -77  -87 -100  -89  -80
  -85  -78  -68  -86  -90 -105  -82 -101  -95  -85  -87  -76  -87 -102
  -85  -99  -89  -89  -72  -67  -65  -79  -78  -94 -116  -95 -102  -87
  -67  -48  -96  -90  -84  -74  -84  -87  -83  -72  -90  -80  -73  -76
  -66  -70  -85  -92  -84  -78  -78  -72  -80  -80  -80  -88  -72  -70
  -93  -86  -70  -83  -79  -65  -94  -75  -75  -71  -70  -79  -83  -96
  -78  -82  -73  -56  -78  -69  -69  -92  -84  -94 -100  -83  -93  -69
  -74  -97  -73  -63  -69  -94  -87  -76  -76  -97  -75  -89  -83  -84
  -63  -68  -65  -74  -58  -73  -70  -72  -61  -83  -72  -72  -73  -74
  -64  -68  -87  -74  -89  -71  -76  -65  -79  -90  -91  -84  -89  -96
 -101  -78  -69  -64  -76  -71  -93  -74  -69  -78  -79  -53  -73  -83
  -71  -61  -78  -79  -81  -53  -71  -75]
7
117
[ -51 -104  -69  -50  -98  -94 -103  -91  -81  -93  -80  -88 -102  -92
  -89  -92  -77  -86  -99  -98  -96  -92  -85  -88  -91  -84  -89  -85
  -77  -79 -102  -92  -85  -87  -81  -85  -91  -83  -81  -82  -76  -68
  -90 -101  -87  -87  -78  -75  -79  -74  -89  -76  -84  -90 -101  -87
  -95  -85  -83 -108 -103  -88  -78 -101  -93  -79  -82 -101  -94  -80
  -80 -101  -82  -90  -86  -73  -76  -86  -89  -84  -70  -89  -90  -91
  -80  -82  -80  -86  -98  -87  -81  -70  -74  -77  -84  -97  -85  -87
  -95  -95  -89  -73  -76  -72  -76  -65  -96  -84  -94  -94  -87  -72
  -82  -76  -78  -75  -92  -98  -84  -68  -83  -83  -83  -92 -112 -104
 -101  -83  -93 -100  -93  -90  -81  -84  -81  -99  -92 -105  -97  -91
  -65  -72  -74  -95  -84  -97  -88  -87  -79  -89  -88  -99  -91  -99
  -93  -81  -75  -90  -92 -105  -87  -77  -95 -106 -107  -96 -105 -107
  -77  -70  -81  -69  -67  -92  -73  -96  -89  -82  -76  -83  -85 -108
  -93 -102  -90  -91  -88  -82  -85 -109  -85  -95  -88  -91  -79  -76
  -79  -93  -87  -83  -95  -92 -111  -96 -101 -100  -78  -87  -80  -93
 -104 -104  -84 -105  -97  -88  -71  -81  -85 -104  -89 -108  -92  -93
  -79  -80  -77  -99  -85 -105  -96  -89  -78  -75  -78 -106  -80  -77
  -95 -102 -108  -95 -105 -105  -91  -87  -75  -79  -83 -100  -89  -81
  -87  -79  -69  -81  -84 -104  -84 -103  -96  -87  -91  -77  -82 -100
  -87 -106  -96  -96  -81  -77  -68  -81  -78  -94 -119  -92  -99  -92
  -70  -49  -98  -96  -87  -76  -85  -91  -85  -68  -93  -86  -77  -80
  -68  -75  -85  -90  -82  -85  -79  -75  -84  -80  -77  -84  -73  -71
  -96  -85  -70  -77  -77  -66  -94  -78  -73  -74  -73  -81  -83  -94
  -77  -81  -75  -58  -81  -73  -68  -87  -89  -98 -102  -80  -93  -69
  -70  -96  -71  -69  -77  -97  -92  -78  -77  -97  -84  -91  -85  -89
  -64  -67  -66  -68  -58  -71  -71  -69  -57  -82  -69  -65  -65  -73
  -68  -69  -91  -77  -94  -76  -77  -64  -82  -93  -90  -85  -87  -86
  -98  -80  -70  -64  -75  -71  -87  -72  -68  -78  -86  -56  -76  -89
  -74  -65  -83  -81  -85  -54  -68  -77]
8
124
[ -52 -102  -71  -53  -99  -94  -99  -99  -85  -91  -79  -86  -98  -85
  -80  -82  -69  -81  -97  -98  -95  -93  -81  -83  -88  -82  -90  -86
  -72  -74  -96  -90  -80  -88  -78  -83  -89  -81  -78  -80  -73  -74
  -94  -99  -83  -84  -77  -71  -77  -73  -90  -74  -83  -89  -95  -83
  -96  -84  -82 -100 -101  -84  -75  -97  -93  -77  -80  -97  -92  -75
  -71  -99  -82  -88  -77  -74  -73  -81  -79  -77  -67  -81  -86  -84
  -73  -78  -74  -85  -96  -83  -82  -67  -74  -71  -78  -90  -84  -86
  -91  -92  -87  -70  -70  -73  -75  -65  -94  -88  -95  -92  -84  -71
  -83  -78  -80  -77  -93  -99  -83  -68  -80  -91  -85 -100 -111 -104
 -101  -80  -91  -99  -91  -92  -81  -81  -83  -99  -92 -106  -93  -90
  -63  -69  -71  -94  -88 -103  -89  -89  -83  -88  -86  -94  -86 -101
  -94  -83  -77  -94  -91 -108  -87  -82  -94 -104 -105 -100 -105 -110
  -80  -74  -84  -67  -66  -95  -72  -92  -90  -80  -69  -79  -85 -103
  -88  -96  -85  -85  -85  -80  -80 -109  -81  -95  -81  -91  -78  -78
  -73  -88  -85  -79  -93  -92 -112 -101 -101  -99  -80  -84  -77  -88
  -97 -107  -83 -103  -94  -88  -71  -79  -84 -108  -92 -109  -95  -98
  -77  -79  -78  -99  -84 -109  -93  -86  -77  -75  -81 -105  -79  -74
  -88 -103 -104  -96 -102 -103  -89  -81  -70  -81  -83 -101  -84  -81
  -90  -79  -68  -83  -86 -104  -85 -100  -94  -83  -86  -72  -77  -99
  -81 -101  -94  -91  -74  -71  -65  -80  -78  -93 -115  -95 -102  -88
  -65  -49  -93  -97  -86  -73  -82  -88  -80  -71  -89  -82  -76  -79
  -72  -71  -81  -91  -81  -82  -79  -67  -81  -82  -81  -87  -70  -71
  -94  -81  -62  -74  -70  -60  -91  -73  -77  -76  -68  -81  -84  -95
  -81  -81  -77  -56  -81  -76  -71  -89  -88  -96 -102  -84  -94  -69
  -70  -96  -71  -69  -74  -97  -94  -78  -80  -97  -85  -92  -84  -87
  -64  -70  -68  -72  -60  -76  -73  -69  -60  -83  -66  -69  -66  -72
  -73  -70  -91  -76  -92  -77  -77  -64  -82  -93  -91  -85  -86  -87
 -100  -82  -73  -68  -77  -71  -89  -71  -75  -81  -85  -56  -72  -82
  -72  -63  -81  -81  -84  -54  -68  -75]
9
163
[ -50  -96  -66  -46  -92  -90 -102  -86  -77  -91  -80  -80  -92  -81
  -76  -82  -68  -74  -93  -91  -85  -86  -75  -84  -86  -77  -86  -79
  -65  -71  -97  -87  -78  -84  -77  -79  -86  -73  -79  -76  -67  -62
  -85  -88  -74  -80  -69  -66  -74  -68  -83  -71  -73  -85  -93  -85
  -92  -80  -80 -100  -93  -78  -72  -92  -87  -71  -75  -93  -85  -73
  -73  -94  -75  -78  -71  -66  -65  -71  -76  -68  -59  -74  -77  -79
  -65  -70  -68  -77  -91  -77  -76  -62  -67  -65  -69  -83  -75  -74
  -77  -86  -79  -66  -67  -62  -65  -57  -88  -72  -83  -83  -77  -63
  -75  -70  -68  -67  -82  -86  -73  -62  -76  -78  -74  -82  -98  -97
  -95  -77  -88  -92  -83  -84  -79  -77  -77  -91  -84 -100  -86  -85
  -60  -65  -63  -85  -69  -85  -74  -74  -70  -79  -79  -91  -79  -89
  -87  -76  -68  -85  -84  -99  -80  -71  -84  -95  -94  -92  -99 -102
  -76  -67  -75  -57  -55  -82  -64  -85  -77  -70  -65  -73  -76  -94
  -83  -94  -81  -78  -79  -69  -71  -97  -71  -87  -74  -77  -71  -72
  -66  -82  -79  -74  -85  -82 -105  -91  -95  -93  -72  -75  -70  -77
  -88  -99  -77  -99  -93  -84  -68  -72  -72 -102  -86  -99  -89  -92
  -73  -74  -73  -90  -76  -96  -89  -81  -73  -66  -69  -91  -64  -65
  -81  -90 -100  -89  -94  -99  -82  -79  -71  -72  -77  -90  -82  -72
  -80  -74  -66  -76  -78  -94  -74  -94  -85  -78  -80  -68  -74  -92
  -77  -91  -84  -89  -74  -69  -58  -72  -68  -86 -108  -89  -98  -86
  -61  -40  -83  -84  -76  -61  -74  -78  -76  -60  -82  -71  -67  -72
  -63  -67  -76  -81  -75  -75  -70  -63  -72  -74  -66  -76  -59  -60
  -85  -74  -57  -71  -70  -55  -78  -67  -64  -62  -63  -71  -73  -82
  -68  -78  -68  -50  -74  -68  -60  -80  -72  -87  -93  -76  -86  -62
  -63  -91  -67  -59  -68  -88  -81  -72  -74  -90  -75  -84  -78  -82
  -59  -62  -53  -61  -49  -66  -62  -56  -52  -70  -58  -58  -54  -63
  -61  -62  -82  -70  -81  -73  -73  -57  -75  -83  -81  -79  -78  -81
  -93  -77  -62  -58  -69  -60  -75  -60  -62  -67  -73  -47  -64  -71
  -61  -54  -67  -71  -75  -45  -63  -65]
avgData:  [  9  68  94  99 117 124 138 161 163 216]
avgTraces:  [[ -55. -103.  -74.  -51. -101.  -95. -102.  -83.  -72.  -90.  -79.  -85.
   -95.  -83.  -78.  -78.  -71.  -84.  -97.  -97.  -95.  -91.  -81.  -85.
   -89.  -82.  -86.  -84.  -74.  -78.  -94.  -89.  -82.  -86.  -79.  -83.
   -88.  -79.  -79.  -77.  -74.  -71.  -96.  -99.  -84.  -84.  -74.  -71.
   -79.  -76.  -86.  -77.  -84.  -89.  -98.  -84.  -92.  -81.  -83. -101.
   -99.  -85.  -73.  -95.  -91.  -78.  -85.  -94.  -89.  -75.  -79.  -99.
   -83.  -87.  -80.  -75.  -73.  -82.  -82.  -80.  -68.  -89.  -86.  -87.
   -71.  -74.  -70.  -79.  -94.  -84.  -81.  -66.  -74.  -73.  -79.  -90.
   -84.  -89.  -89.  -96.  -89.  -73.  -76.  -75.  -78.  -65.  -97.  -83.
   -90.  -89.  -81.  -66.  -79.  -74.  -76.  -71.  -94.  -95.  -77.  -65.
   -81.  -88.  -83.  -90. -108. -101.  -99.  -82.  -95.  -98.  -91.  -92.
   -80.  -81.  -75.  -95.  -96. -110.  -93.  -91.  -67.  -72.  -74.  -92.
   -83. -100.  -90.  -86.  -83.  -91.  -85.  -95.  -88.  -99.  -94.  -83.
   -69.  -86.  -90. -104.  -87.  -80.  -91. -105. -106.  -95. -103. -109.
   -79.  -76.  -85.  -64.  -67.  -93.  -71.  -92.  -86.  -80.  -69.  -81.
   -82. -101.  -86.  -96.  -83.  -89.  -85.  -78.  -81. -106.  -78.  -92.
   -84.  -92.  -81.  -79.  -74.  -85.  -85.  -82.  -94.  -91. -108.  -98.
  -102.  -96.  -71.  -74.  -73.  -87.  -93. -103.  -80. -100.  -96.  -86.
   -75.  -82.  -81. -108.  -94. -108.  -93.  -95.  -80.  -86.  -80. -105.
   -85. -109.  -95.  -88.  -78.  -78.  -78. -103.  -77.  -77.  -90.  -99.
  -106.  -97. -102. -104.  -89.  -83.  -73.  -77.  -82.  -99.  -86.  -87.
   -87.  -77.  -68.  -84.  -88. -102.  -85. -101.  -91.  -86.  -88.  -78.
   -86.  -96.  -85. -101.  -92.  -91.  -76.  -68.  -68.  -81.  -76.  -93.
  -112.  -90.  -98.  -83.  -63.  -48.  -91.  -93.  -82.  -69.  -83.  -88.
   -82.  -70.  -90.  -82.  -75.  -75.  -69.  -72.  -86.  -87.  -81.  -78.
   -72.  -67.  -74.  -73.  -75.  -84.  -68.  -70.  -91.  -81.  -62.  -78.
   -75.  -64.  -93.  -79.  -74.  -73.  -69.  -78.  -82.  -95.  -76.  -78.
   -71.  -52.  -78.  -67.  -67.  -92.  -81.  -91.  -93.  -81.  -86.  -63.
   -70.  -95.  -76.  -66.  -69.  -91.  -87.  -71.  -75.  -93.  -82.  -88.
   -85.  -86.  -63.  -70.  -65.  -71.  -59.  -75.  -72.  -66.  -58.  -80.
   -72.  -67.  -67.  -74.  -70.  -71.  -89.  -77.  -90.  -79.  -79.  -63.
   -80.  -90.  -87.  -85.  -91.  -89.  -98.  -78.  -70.  -65.  -74.  -66.
   -88.  -72.  -76.  -80.  -86.  -54.  -72.  -86.  -71.  -64.  -78.  -80.
   -81.  -51.  -67.  -73.]
 [ -54. -102.  -68.  -47.  -95.  -88.  -94.  -72.  -66.  -89.  -81.  -83.
   -94.  -82.  -77.  -83.  -68.  -80. -100.  -91.  -91.  -87.  -78.  -81.
   -81.  -79.  -84.  -81.  -71.  -72.  -93.  -89.  -83.  -92.  -82.  -85.
   -91.  -80.  -77.  -79.  -70.  -67.  -93.  -95.  -82.  -84.  -74.  -72.
   -77.  -77.  -88.  -74.  -78.  -88.  -95.  -83.  -91.  -82.  -83. -103.
   -97.  -86.  -70.  -93.  -88.  -79.  -81.  -97.  -92.  -77.  -77.  -94.
   -84.  -86.  -78.  -71.  -70.  -72.  -75.  -75.  -66.  -84.  -86.  -85.
   -72.  -77.  -74.  -79.  -94.  -85.  -77.  -62.  -70.  -70.  -74.  -87.
   -81.  -86.  -86.  -89.  -85.  -65.  -67.  -69.  -72.  -63.  -91.  -77.
   -90.  -90.  -78.  -63.  -78.  -75.  -77.  -67.  -84.  -93.  -75.  -67.
   -83.  -84.  -80.  -89. -101.  -96.  -94.  -78.  -90.  -91.  -83.  -85.
   -75.  -76.  -74.  -91.  -89. -103.  -91.  -89.  -61.  -69.  -70.  -90.
   -81.  -93.  -87.  -83.  -76.  -83.  -82.  -95.  -87.  -95.  -87.  -74.
   -68.  -91.  -87.  -98.  -81.  -76.  -93.  -99. -101.  -93. -102. -105.
   -78.  -75.  -82.  -63.  -61.  -90.  -70.  -85.  -84.  -77.  -69.  -72.
   -76.  -95.  -86.  -96.  -86.  -84.  -83.  -78.  -77.  -99.  -77.  -86.
   -78.  -85.  -74.  -72.  -67.  -83.  -76.  -74.  -90.  -91. -111.  -97.
   -99.  -95.  -72.  -80.  -75.  -84.  -90.  -94.  -77.  -95.  -89.  -80.
   -70.  -78.  -79. -106.  -86. -101.  -93.  -87.  -73.  -79.  -76.  -94.
   -79. -102.  -86.  -82.  -76.  -74.  -72.  -97.  -75.  -74.  -84.  -95.
  -100.  -91. -101. -100.  -90.  -76.  -69.  -73.  -78.  -95.  -81.  -75.
   -83.  -72.  -63.  -77.  -81.  -99.  -81.  -97.  -93.  -80.  -84.  -70.
   -81. -101.  -83.  -98.  -87.  -91.  -71.  -66.  -64.  -75.  -68.  -90.
  -113.  -90.  -94.  -79.  -61.  -46.  -89.  -86.  -82.  -67.  -82.  -84.
   -80.  -66.  -89.  -78.  -74.  -76.  -66.  -68.  -79.  -87.  -80.  -80.
   -75.  -65.  -73.  -76.  -73.  -82.  -68.  -68.  -91.  -80.  -56.  -74.
   -72.  -61.  -86.  -73.  -69.  -66.  -64.  -72.  -79.  -90.  -73.  -76.
   -71.  -52.  -75.  -69.  -64.  -87.  -80.  -91.  -95.  -79.  -88.  -68.
   -67.  -94.  -71.  -62.  -69.  -92.  -86.  -71.  -74.  -92.  -79.  -85.
   -80.  -81.  -58.  -66.  -64.  -67.  -53.  -65.  -64.  -62.  -53.  -74.
   -64.  -63.  -64.  -67.  -61.  -61.  -80.  -71.  -86.  -73.  -72.  -59.
   -76.  -84.  -80.  -80.  -84.  -87.  -99.  -78.  -66.  -63.  -68.  -64.
   -84.  -67.  -69.  -76.  -76.  -47.  -66.  -74.  -68.  -56.  -75.  -75.
   -75.  -45.  -64.  -70.]
 [ -60. -107.  -77.  -54. -101.  -94.  -99.  -83.  -79.  -96.  -82.  -83.
   -95.  -84.  -77.  -84.  -69.  -82.  -97.  -95.  -93.  -89.  -80.  -88.
   -91.  -82.  -87.  -81.  -71.  -74.  -94.  -93.  -85.  -87.  -75.  -78.
   -88.  -73.  -73.  -79.  -71.  -67.  -95.  -96.  -82.  -82.  -77.  -75.
   -85.  -79.  -88.  -81.  -83.  -89. -100.  -84.  -95.  -91.  -86. -103.
   -99.  -83.  -74.  -98.  -95.  -80.  -85. -100.  -89.  -79.  -82. -102.
   -90.  -90.  -84.  -72.  -71.  -77.  -82.  -79.  -70.  -89.  -88.  -85.
   -71.  -82.  -76.  -90.  -97.  -89.  -84.  -68.  -72.  -73.  -82.  -92.
   -85.  -88.  -94.  -93.  -90.  -73.  -78.  -77.  -80.  -70.  -99.  -83.
   -91.  -92.  -84.  -68.  -85.  -82.  -78.  -74.  -92.  -97.  -83.  -76.
   -85.  -88.  -86.  -95. -109. -106. -101.  -86.  -95.  -99.  -92.  -87.
   -78.  -84.  -79. -100.  -95. -111.  -98.  -95.  -63.  -73.  -75.  -94.
   -84.  -99.  -90.  -84.  -83.  -89.  -87.  -99.  -90.  -96.  -96.  -81.
   -68.  -89.  -90. -104.  -91.  -78.  -92. -102. -104.  -96. -102. -108.
   -80.  -77.  -83.  -67.  -65.  -94.  -76.  -97.  -88.  -83.  -72.  -79.
   -81. -102.  -88.  -98.  -89.  -84.  -84.  -79.  -81. -107.  -81.  -93.
   -85.  -91.  -82.  -80.  -76.  -91.  -87.  -84.  -97.  -96. -113. -100.
  -101.  -98.  -77.  -81.  -77.  -87.  -96. -104.  -82. -101.  -99.  -89.
   -74.  -81.  -82. -108.  -91. -102.  -93.  -93.  -79.  -79.  -73.  -96.
   -81. -107.  -97.  -89.  -79.  -78.  -79. -106.  -76.  -77.  -92. -105.
  -111.  -96. -103. -104.  -90.  -80.  -76.  -78.  -83. -101.  -87.  -78.
   -86.  -76.  -72.  -87.  -89. -106.  -85. -102.  -93.  -85.  -84.  -80.
   -85.  -97.  -85. -102.  -92.  -93.  -80.  -75.  -68.  -82.  -76.  -94.
  -113.  -93.  -99.  -88.  -70.  -47.  -93.  -92.  -82.  -71.  -82.  -88.
   -85.  -69.  -92.  -81.  -74.  -78.  -69.  -74.  -88.  -89.  -82.  -79.
   -71.  -68.  -78.  -77.  -76.  -85.  -66.  -69.  -92.  -81.  -69.  -79.
   -81.  -67.  -93.  -80.  -75.  -78.  -74.  -84.  -88.  -95.  -76.  -82.
   -68.  -56.  -81.  -73.  -70.  -93.  -91.  -98. -101.  -82.  -92.  -72.
   -73.  -98.  -75.  -63.  -73.  -97.  -93.  -79.  -77.  -99.  -83.  -88.
   -80.  -87.  -63.  -67.  -64.  -68.  -56.  -75.  -72.  -67.  -59.  -81.
   -73.  -69.  -66.  -72.  -66.  -72.  -89.  -82.  -96.  -75.  -78.  -61.
   -79.  -90.  -91.  -86.  -95.  -93. -103.  -80.  -69.  -65.  -77.  -72.
   -90.  -75.  -75.  -79.  -85.  -52.  -76.  -87.  -73.  -63.  -80.  -79.
   -83.  -54.  -70.  -78.]
 [ -55. -106.  -71.  -49. -101.  -93. -102.  -81.  -75.  -95.  -84.  -86.
   -95.  -84.  -78.  -80.  -71.  -80.  -95.  -94.  -89.  -93.  -77.  -84.
   -90.  -82.  -88.  -84.  -70.  -72.  -97.  -89.  -82.  -89.  -79.  -82.
   -90.  -78.  -80.  -80.  -73.  -70.  -92.  -97.  -84.  -86.  -74.  -74.
   -84.  -77.  -87.  -72.  -79.  -90. -102.  -83.  -96.  -85.  -83. -103.
   -97.  -82.  -72.  -97.  -91.  -78.  -82.  -99.  -91.  -77.  -75.  -98.
   -84.  -91.  -81.  -70.  -68.  -78.  -79.  -77.  -69.  -89.  -87.  -87.
   -75.  -77.  -77.  -87.  -96.  -85.  -81.  -65.  -75.  -74.  -80.  -90.
   -87.  -92.  -91.  -91.  -89.  -70.  -73.  -74.  -74.  -67.  -99.  -84.
   -90.  -91.  -78.  -68.  -80.  -76.  -80.  -74.  -93.  -95.  -78.  -67.
   -84.  -86.  -84.  -93. -111. -103. -103.  -86.  -97.  -97.  -88.  -91.
   -80.  -84.  -84.  -97.  -97. -111.  -96.  -94.  -67.  -71.  -72.  -94.
   -85. -101.  -90.  -89.  -79.  -89.  -88.  -98.  -90.  -98.  -94.  -79.
   -71.  -91.  -90. -108.  -85.  -78.  -96. -104. -102.  -98. -106. -108.
   -84.  -74.  -85.  -64.  -64.  -91.  -74.  -94.  -90.  -81.  -74.  -80.
   -79. -102.  -83.  -98.  -90.  -88.  -88.  -79.  -82. -104.  -84.  -94.
   -81.  -92.  -81.  -76.  -71.  -88.  -85.  -82.  -95.  -97. -117. -100.
  -101.  -96.  -77.  -83.  -84.  -94. -101. -102.  -81. -102.  -95.  -86.
   -76.  -85.  -82. -104.  -92. -108.  -97.  -95.  -79.  -83.  -80.  -99.
   -84. -108.  -96.  -90.  -83.  -80.  -81. -104.  -80.  -78.  -88. -100.
  -107.  -99. -103. -104.  -90.  -80.  -73.  -77.  -87. -100.  -89.  -80.
   -85.  -78.  -68.  -86.  -90. -105.  -82. -101.  -95.  -85.  -87.  -76.
   -87. -102.  -85.  -99.  -89.  -89.  -72.  -67.  -65.  -79.  -78.  -94.
  -116.  -95. -102.  -87.  -67.  -48.  -96.  -90.  -84.  -74.  -84.  -87.
   -83.  -72.  -90.  -80.  -73.  -76.  -66.  -70.  -85.  -92.  -84.  -78.
   -78.  -72.  -80.  -80.  -80.  -88.  -72.  -70.  -93.  -86.  -70.  -83.
   -79.  -65.  -94.  -75.  -75.  -71.  -70.  -79.  -83.  -96.  -78.  -82.
   -73.  -56.  -78.  -69.  -69.  -92.  -84.  -94. -100.  -83.  -93.  -69.
   -74.  -97.  -73.  -63.  -69.  -94.  -87.  -76.  -76.  -97.  -75.  -89.
   -83.  -84.  -63.  -68.  -65.  -74.  -58.  -73.  -70.  -72.  -61.  -83.
   -72.  -72.  -73.  -74.  -64.  -68.  -87.  -74.  -89.  -71.  -76.  -65.
   -79.  -90.  -91.  -84.  -89.  -96. -101.  -78.  -69.  -64.  -76.  -71.
   -93.  -74.  -69.  -78.  -79.  -53.  -73.  -83.  -71.  -61.  -78.  -79.
   -81.  -53.  -71.  -75.]
 [ -51. -104.  -69.  -50.  -98.  -94. -103.  -91.  -81.  -93.  -80.  -88.
  -102.  -92.  -89.  -92.  -77.  -86.  -99.  -98.  -96.  -92.  -85.  -88.
   -91.  -84.  -89.  -85.  -77.  -79. -102.  -92.  -85.  -87.  -81.  -85.
   -91.  -83.  -81.  -82.  -76.  -68.  -90. -101.  -87.  -87.  -78.  -75.
   -79.  -74.  -89.  -76.  -84.  -90. -101.  -87.  -95.  -85.  -83. -108.
  -103.  -88.  -78. -101.  -93.  -79.  -82. -101.  -94.  -80.  -80. -101.
   -82.  -90.  -86.  -73.  -76.  -86.  -89.  -84.  -70.  -89.  -90.  -91.
   -80.  -82.  -80.  -86.  -98.  -87.  -81.  -70.  -74.  -77.  -84.  -97.
   -85.  -87.  -95.  -95.  -89.  -73.  -76.  -72.  -76.  -65.  -96.  -84.
   -94.  -94.  -87.  -72.  -82.  -76.  -78.  -75.  -92.  -98.  -84.  -68.
   -83.  -83.  -83.  -92. -112. -104. -101.  -83.  -93. -100.  -93.  -90.
   -81.  -84.  -81.  -99.  -92. -105.  -97.  -91.  -65.  -72.  -74.  -95.
   -84.  -97.  -88.  -87.  -79.  -89.  -88.  -99.  -91.  -99.  -93.  -81.
   -75.  -90.  -92. -105.  -87.  -77.  -95. -106. -107.  -96. -105. -107.
   -77.  -70.  -81.  -69.  -67.  -92.  -73.  -96.  -89.  -82.  -76.  -83.
   -85. -108.  -93. -102.  -90.  -91.  -88.  -82.  -85. -109.  -85.  -95.
   -88.  -91.  -79.  -76.  -79.  -93.  -87.  -83.  -95.  -92. -111.  -96.
  -101. -100.  -78.  -87.  -80.  -93. -104. -104.  -84. -105.  -97.  -88.
   -71.  -81.  -85. -104.  -89. -108.  -92.  -93.  -79.  -80.  -77.  -99.
   -85. -105.  -96.  -89.  -78.  -75.  -78. -106.  -80.  -77.  -95. -102.
  -108.  -95. -105. -105.  -91.  -87.  -75.  -79.  -83. -100.  -89.  -81.
   -87.  -79.  -69.  -81.  -84. -104.  -84. -103.  -96.  -87.  -91.  -77.
   -82. -100.  -87. -106.  -96.  -96.  -81.  -77.  -68.  -81.  -78.  -94.
  -119.  -92.  -99.  -92.  -70.  -49.  -98.  -96.  -87.  -76.  -85.  -91.
   -85.  -68.  -93.  -86.  -77.  -80.  -68.  -75.  -85.  -90.  -82.  -85.
   -79.  -75.  -84.  -80.  -77.  -84.  -73.  -71.  -96.  -85.  -70.  -77.
   -77.  -66.  -94.  -78.  -73.  -74.  -73.  -81.  -83.  -94.  -77.  -81.
   -75.  -58.  -81.  -73.  -68.  -87.  -89.  -98. -102.  -80.  -93.  -69.
   -70.  -96.  -71.  -69.  -77.  -97.  -92.  -78.  -77.  -97.  -84.  -91.
   -85.  -89.  -64.  -67.  -66.  -68.  -58.  -71.  -71.  -69.  -57.  -82.
   -69.  -65.  -65.  -73.  -68.  -69.  -91.  -77.  -94.  -76.  -77.  -64.
   -82.  -93.  -90.  -85.  -87.  -86.  -98.  -80.  -70.  -64.  -75.  -71.
   -87.  -72.  -68.  -78.  -86.  -56.  -76.  -89.  -74.  -65.  -83.  -81.
   -85.  -54.  -68.  -77.]
 [ -52. -102.  -71.  -53.  -99.  -94.  -99.  -99.  -85.  -91.  -79.  -86.
   -98.  -85.  -80.  -82.  -69.  -81.  -97.  -98.  -95.  -93.  -81.  -83.
   -88.  -82.  -90.  -86.  -72.  -74.  -96.  -90.  -80.  -88.  -78.  -83.
   -89.  -81.  -78.  -80.  -73.  -74.  -94.  -99.  -83.  -84.  -77.  -71.
   -77.  -73.  -90.  -74.  -83.  -89.  -95.  -83.  -96.  -84.  -82. -100.
  -101.  -84.  -75.  -97.  -93.  -77.  -80.  -97.  -92.  -75.  -71.  -99.
   -82.  -88.  -77.  -74.  -73.  -81.  -79.  -77.  -67.  -81.  -86.  -84.
   -73.  -78.  -74.  -85.  -96.  -83.  -82.  -67.  -74.  -71.  -78.  -90.
   -84.  -86.  -91.  -92.  -87.  -70.  -70.  -73.  -75.  -65.  -94.  -88.
   -95.  -92.  -84.  -71.  -83.  -78.  -80.  -77.  -93.  -99.  -83.  -68.
   -80.  -91.  -85. -100. -111. -104. -101.  -80.  -91.  -99.  -91.  -92.
   -81.  -81.  -83.  -99.  -92. -106.  -93.  -90.  -63.  -69.  -71.  -94.
   -88. -103.  -89.  -89.  -83.  -88.  -86.  -94.  -86. -101.  -94.  -83.
   -77.  -94.  -91. -108.  -87.  -82.  -94. -104. -105. -100. -105. -110.
   -80.  -74.  -84.  -67.  -66.  -95.  -72.  -92.  -90.  -80.  -69.  -79.
   -85. -103.  -88.  -96.  -85.  -85.  -85.  -80.  -80. -109.  -81.  -95.
   -81.  -91.  -78.  -78.  -73.  -88.  -85.  -79.  -93.  -92. -112. -101.
  -101.  -99.  -80.  -84.  -77.  -88.  -97. -107.  -83. -103.  -94.  -88.
   -71.  -79.  -84. -108.  -92. -109.  -95.  -98.  -77.  -79.  -78.  -99.
   -84. -109.  -93.  -86.  -77.  -75.  -81. -105.  -79.  -74.  -88. -103.
  -104.  -96. -102. -103.  -89.  -81.  -70.  -81.  -83. -101.  -84.  -81.
   -90.  -79.  -68.  -83.  -86. -104.  -85. -100.  -94.  -83.  -86.  -72.
   -77.  -99.  -81. -101.  -94.  -91.  -74.  -71.  -65.  -80.  -78.  -93.
  -115.  -95. -102.  -88.  -65.  -49.  -93.  -97.  -86.  -73.  -82.  -88.
   -80.  -71.  -89.  -82.  -76.  -79.  -72.  -71.  -81.  -91.  -81.  -82.
   -79.  -67.  -81.  -82.  -81.  -87.  -70.  -71.  -94.  -81.  -62.  -74.
   -70.  -60.  -91.  -73.  -77.  -76.  -68.  -81.  -84.  -95.  -81.  -81.
   -77.  -56.  -81.  -76.  -71.  -89.  -88.  -96. -102.  -84.  -94.  -69.
   -70.  -96.  -71.  -69.  -74.  -97.  -94.  -78.  -80.  -97.  -85.  -92.
   -84.  -87.  -64.  -70.  -68.  -72.  -60.  -76.  -73.  -69.  -60.  -83.
   -66.  -69.  -66.  -72.  -73.  -70.  -91.  -76.  -92.  -77.  -77.  -64.
   -82.  -93.  -91.  -85.  -86.  -87. -100.  -82.  -73.  -68.  -77.  -71.
   -89.  -71.  -75.  -81.  -85.  -56.  -72.  -82.  -72.  -63.  -81.  -81.
   -84.  -54.  -68.  -75.]
 [ -53.  -95.  -65.  -47.  -94.  -86.  -99.  -80.  -70.  -85.  -73.  -77.
   -93.  -79.  -75.  -79.  -68.  -76.  -88.  -87.  -86.  -84.  -77.  -81.
   -83.  -77.  -81.  -81.  -72.  -76.  -95.  -89.  -76.  -81.  -72.  -75.
   -87.  -78.  -75.  -76.  -67.  -60.  -87.  -93.  -78.  -81.  -73.  -73.
   -78.  -65.  -82.  -71.  -77.  -83.  -92.  -78.  -90.  -75.  -73.  -95.
   -93.  -75.  -69.  -94.  -83.  -71.  -73.  -90.  -84.  -73.  -73.  -93.
   -76.  -81.  -74.  -66.  -65.  -72.  -70.  -70.  -59.  -75.  -74.  -77.
   -61.  -68.  -68.  -78.  -83.  -79.  -71.  -60.  -68.  -64.  -69.  -83.
   -75.  -79.  -80.  -83.  -80.  -67.  -64.  -63.  -64.  -49.  -83.  -71.
   -80.  -84.  -74.  -59.  -72.  -66.  -64.  -63.  -81.  -83.  -73.  -60.
   -76.  -78.  -74.  -80.  -95.  -90.  -92.  -77.  -88.  -88.  -76.  -79.
   -73.  -76.  -71.  -92.  -85.  -99.  -84.  -83.  -59.  -69.  -67.  -85.
   -74.  -87.  -74.  -77.  -68.  -76.  -76.  -88.  -73.  -88.  -87.  -69.
   -59.  -82.  -79.  -97.  -80.  -71.  -82.  -96.  -94.  -92.  -98. -104.
   -73.  -70.  -77.  -61.  -56.  -89.  -69.  -86.  -76.  -73.  -63.  -71.
   -72.  -90.  -75.  -86.  -77.  -76.  -76.  -67.  -66.  -93.  -73.  -84.
   -76.  -80.  -66.  -67.  -64.  -80.  -75.  -74.  -85.  -84. -106.  -93.
   -95.  -92.  -74.  -78.  -69.  -80.  -87.  -92.  -76.  -92.  -86.  -85.
   -65.  -71.  -71.  -97.  -84.  -98.  -87.  -89.  -72.  -74.  -70.  -90.
   -74. -103.  -86.  -84.  -73.  -63.  -70.  -92.  -68.  -70.  -83.  -92.
  -102.  -92.  -96.  -98.  -84.  -78.  -68.  -75.  -74.  -92.  -78.  -74.
   -79.  -74.  -63.  -80.  -80.  -93.  -76.  -96.  -90.  -82.  -82.  -76.
   -80.  -96.  -79.  -94.  -86.  -89.  -70.  -65.  -60.  -70.  -66.  -84.
  -104.  -85.  -93.  -82.  -60.  -43.  -82.  -81.  -75.  -65.  -75.  -80.
   -78.  -58.  -83.  -72.  -70.  -69.  -63.  -65.  -74.  -75.  -70.  -73.
   -68.  -62.  -73.  -71.  -66.  -75.  -63.  -65.  -84.  -72.  -55.  -70.
   -68.  -53.  -84.  -69.  -69.  -69.  -63.  -72.  -80.  -86.  -69.  -71.
   -66.  -49.  -71.  -64.  -64.  -83.  -74.  -93.  -94.  -78.  -89.  -63.
   -70.  -88.  -67.  -57.  -63.  -84.  -80.  -69.  -68.  -88.  -74.  -82.
   -79.  -82.  -57.  -66.  -58.  -60.  -48.  -62.  -60.  -57.  -49.  -70.
   -60.  -57.  -57.  -61.  -55.  -59.  -76.  -62.  -79.  -63.  -66.  -51.
   -65.  -83.  -78.  -80.  -80.  -81.  -94.  -74.  -62.  -58.  -68.  -61.
   -78.  -61.  -64.  -69.  -76.  -48.  -66.  -72.  -60.  -50.  -69.  -69.
   -68.  -41.  -58.  -62.]
 [ -46.  -99.  -65.  -47.  -92.  -86.  -96.  -78.  -68.  -89.  -76.  -79.
   -92.  -79.  -75.  -81.  -64.  -79.  -91.  -87.  -86.  -87.  -77.  -81.
   -87.  -74.  -82.  -78.  -69.  -70.  -89.  -80.  -77.  -81.  -76.  -79.
   -83.  -75.  -74.  -74.  -66.  -61.  -85.  -93.  -77.  -78.  -72.  -67.
   -75.  -69.  -80.  -70.  -76.  -84.  -91.  -79.  -90.  -78.  -78.  -98.
   -91.  -78.  -65.  -89.  -85.  -73.  -77.  -93.  -86.  -70.  -68.  -91.
   -72.  -81.  -72.  -64.  -68.  -71.  -73.  -71.  -56.  -77.  -76.  -80.
   -64.  -71.  -66.  -77.  -87.  -80.  -74.  -62.  -64.  -66.  -70.  -85.
   -77.  -84.  -83.  -89.  -78.  -61.  -65.  -64.  -72.  -59.  -90.  -73.
   -84.  -81.  -77.  -61.  -73.  -67.  -67.  -65.  -80.  -87.  -69.  -57.
   -71.  -76.  -73.  -84. -100.  -92.  -93.  -75.  -84.  -88.  -82.  -85.
   -76.  -77.  -77.  -89.  -85.  -99.  -89.  -87.  -56.  -63.  -64.  -86.
   -70.  -92.  -79.  -78.  -72.  -80.  -81.  -96.  -81.  -91.  -92.  -80.
   -68.  -81.  -82. -101.  -80.  -75.  -84.  -96.  -99.  -92. -101. -108.
   -74.  -70.  -78.  -60.  -61.  -83.  -66.  -84.  -79.  -74.  -71.  -75.
   -77.  -93.  -81.  -93.  -78.  -82.  -81.  -73.  -73.  -99.  -70.  -82.
   -70.  -83.  -69.  -68.  -65.  -78.  -73.  -69.  -84.  -84. -105.  -93.
   -94.  -93.  -75.  -80.  -77.  -83.  -91.  -98.  -74.  -96.  -85.  -83.
   -68.  -74.  -74.  -98.  -81.  -97.  -86.  -85.  -75.  -75.  -69.  -90.
   -77.  -97.  -86.  -82.  -72.  -66.  -70.  -94.  -62.  -62.  -78.  -90.
   -95.  -87.  -93.  -94.  -81.  -72.  -64.  -70.  -75.  -91.  -76.  -75.
   -79.  -72.  -60.  -77.  -76.  -95.  -77.  -92.  -87.  -78.  -80.  -71.
   -77.  -90.  -80.  -95.  -83.  -84.  -69.  -63.  -58.  -67.  -66.  -79.
  -102.  -83.  -89.  -77.  -59.  -41.  -82.  -79.  -72.  -58.  -71.  -76.
   -76.  -61.  -80.  -72.  -67.  -69.  -60.  -66.  -77.  -80.  -76.  -74.
   -69.  -58.  -70.  -69.  -66.  -78.  -61.  -62.  -85.  -71.  -56.  -67.
   -66.  -58.  -86.  -66.  -68.  -66.  -62.  -72.  -76.  -83.  -70.  -73.
   -66.  -48.  -72.  -64.  -60.  -79.  -77.  -88.  -87.  -74.  -88.  -65.
   -70.  -93.  -69.  -58.  -66.  -86.  -77.  -64.  -69.  -84.  -67.  -78.
   -72.  -73.  -51.  -60.  -59.  -58.  -46.  -62.  -58.  -54.  -44.  -69.
   -53.  -57.  -54.  -61.  -55.  -55.  -75.  -68.  -83.  -63.  -70.  -55.
   -71.  -80.  -79.  -79.  -81.  -83.  -91.  -73.  -64.  -55.  -63.  -59.
   -76.  -59.  -63.  -69.  -75.  -43.  -61.  -74.  -63.  -54.  -70.  -70.
   -68.  -41.  -57.  -64.]
 [ -50.  -96.  -66.  -46.  -92.  -90. -102.  -86.  -77.  -91.  -80.  -80.
   -92.  -81.  -76.  -82.  -68.  -74.  -93.  -91.  -85.  -86.  -75.  -84.
   -86.  -77.  -86.  -79.  -65.  -71.  -97.  -87.  -78.  -84.  -77.  -79.
   -86.  -73.  -79.  -76.  -67.  -62.  -85.  -88.  -74.  -80.  -69.  -66.
   -74.  -68.  -83.  -71.  -73.  -85.  -93.  -85.  -92.  -80.  -80. -100.
   -93.  -78.  -72.  -92.  -87.  -71.  -75.  -93.  -85.  -73.  -73.  -94.
   -75.  -78.  -71.  -66.  -65.  -71.  -76.  -68.  -59.  -74.  -77.  -79.
   -65.  -70.  -68.  -77.  -91.  -77.  -76.  -62.  -67.  -65.  -69.  -83.
   -75.  -74.  -77.  -86.  -79.  -66.  -67.  -62.  -65.  -57.  -88.  -72.
   -83.  -83.  -77.  -63.  -75.  -70.  -68.  -67.  -82.  -86.  -73.  -62.
   -76.  -78.  -74.  -82.  -98.  -97.  -95.  -77.  -88.  -92.  -83.  -84.
   -79.  -77.  -77.  -91.  -84. -100.  -86.  -85.  -60.  -65.  -63.  -85.
   -69.  -85.  -74.  -74.  -70.  -79.  -79.  -91.  -79.  -89.  -87.  -76.
   -68.  -85.  -84.  -99.  -80.  -71.  -84.  -95.  -94.  -92.  -99. -102.
   -76.  -67.  -75.  -57.  -55.  -82.  -64.  -85.  -77.  -70.  -65.  -73.
   -76.  -94.  -83.  -94.  -81.  -78.  -79.  -69.  -71.  -97.  -71.  -87.
   -74.  -77.  -71.  -72.  -66.  -82.  -79.  -74.  -85.  -82. -105.  -91.
   -95.  -93.  -72.  -75.  -70.  -77.  -88.  -99.  -77.  -99.  -93.  -84.
   -68.  -72.  -72. -102.  -86.  -99.  -89.  -92.  -73.  -74.  -73.  -90.
   -76.  -96.  -89.  -81.  -73.  -66.  -69.  -91.  -64.  -65.  -81.  -90.
  -100.  -89.  -94.  -99.  -82.  -79.  -71.  -72.  -77.  -90.  -82.  -72.
   -80.  -74.  -66.  -76.  -78.  -94.  -74.  -94.  -85.  -78.  -80.  -68.
   -74.  -92.  -77.  -91.  -84.  -89.  -74.  -69.  -58.  -72.  -68.  -86.
  -108.  -89.  -98.  -86.  -61.  -40.  -83.  -84.  -76.  -61.  -74.  -78.
   -76.  -60.  -82.  -71.  -67.  -72.  -63.  -67.  -76.  -81.  -75.  -75.
   -70.  -63.  -72.  -74.  -66.  -76.  -59.  -60.  -85.  -74.  -57.  -71.
   -70.  -55.  -78.  -67.  -64.  -62.  -63.  -71.  -73.  -82.  -68.  -78.
   -68.  -50.  -74.  -68.  -60.  -80.  -72.  -87.  -93.  -76.  -86.  -62.
   -63.  -91.  -67.  -59.  -68.  -88.  -81.  -72.  -74.  -90.  -75.  -84.
   -78.  -82.  -59.  -62.  -53.  -61.  -49.  -66.  -62.  -56.  -52.  -70.
   -58.  -58.  -54.  -63.  -61.  -62.  -82.  -70.  -81.  -73.  -73.  -57.
   -75.  -83.  -81.  -79.  -78.  -81.  -93.  -77.  -62.  -58.  -69.  -60.
   -75.  -60.  -62.  -67.  -73.  -47.  -64.  -71.  -61.  -54.  -67.  -71.
   -75.  -45.  -63.  -65.]
 [ -56. -108.  -71.  -50.  -97.  -92. -101.  -77.  -73.  -93.  -84.  -86.
   -96.  -86.  -81.  -84.  -73.  -86. -100. -100.  -93.  -93.  -80.  -88.
   -92.  -85.  -91.  -85.  -72.  -79.  -99.  -92.  -82.  -89.  -80.  -81.
   -87.  -77.  -77.  -78.  -69.  -66.  -92.  -97.  -82.  -88.  -75.  -74.
   -83.  -80.  -87.  -79.  -83.  -89. -101.  -87.  -97.  -89.  -87. -106.
   -98.  -82.  -77. -100.  -91.  -77.  -84.  -96.  -91.  -79.  -78. -100.
   -90.  -94.  -84.  -75.  -75.  -81.  -82.  -82.  -71.  -90.  -91.  -89.
   -69.  -82.  -77.  -87.  -96.  -86.  -79.  -70.  -72.  -72.  -78.  -93.
   -84.  -91.  -91.  -92.  -87.  -75.  -77.  -77.  -74.  -67.  -99.  -80.
   -92.  -92.  -84.  -70.  -82.  -76.  -75.  -72.  -88.  -93.  -78.  -71.
   -82.  -89.  -85.  -94. -109. -104. -100.  -85.  -95. -100.  -91.  -92.
   -81.  -83.  -78.  -95.  -94. -112.  -97.  -94.  -68.  -74.  -72.  -96.
   -84. -102.  -90.  -85.  -79.  -90.  -86.  -95.  -88.  -99.  -92.  -81.
   -69.  -94.  -92. -110.  -90.  -77.  -91. -105. -101.  -97. -106. -110.
   -78.  -77.  -81.  -65.  -64.  -94.  -76.  -98.  -86.  -85.  -73.  -82.
   -83. -104.  -89. -101.  -92.  -87.  -88.  -78.  -78. -106.  -80.  -92.
   -84.  -93.  -79.  -76.  -74.  -91.  -89.  -82.  -97.  -97. -113. -100.
   -99.  -95.  -74.  -79.  -76.  -86.  -96. -102.  -80. -100.  -94.  -90.
   -73.  -82.  -84. -108.  -92. -106.  -95.  -95.  -78.  -84.  -81.  -98.
   -84. -108.  -93.  -89.  -75.  -73.  -79. -103.  -76.  -73.  -88. -104.
  -105.  -97. -107. -102.  -88.  -85.  -78.  -80.  -86. -102.  -94.  -83.
   -84.  -80.  -70.  -81.  -85. -103.  -87. -106.  -93.  -85.  -90.  -75.
   -87. -107.  -83. -103.  -88.  -93.  -74.  -70.  -66.  -78.  -71.  -86.
  -111.  -90.  -98.  -86.  -64.  -46.  -92.  -89.  -84.  -74.  -85.  -89.
   -85.  -71.  -93.  -82.  -76.  -77.  -68.  -76.  -86.  -90.  -80.  -77.
   -72.  -67.  -78.  -80.  -77.  -86.  -68.  -70.  -92.  -83.  -62.  -79.
   -80.  -67.  -90.  -77.  -70.  -70.  -68.  -78.  -86.  -97.  -78.  -78.
   -74.  -57.  -81.  -74.  -71.  -95.  -86.  -98.  -99.  -80.  -93.  -72.
   -75.  -97.  -77.  -68.  -78.  -96.  -94.  -78.  -75.  -94.  -85.  -89.
   -84.  -87.  -64.  -67.  -69.  -72.  -61.  -75.  -69.  -70.  -61.  -82.
   -67.  -68.  -69.  -77.  -69.  -76.  -91.  -81.  -96.  -80.  -80.  -61.
   -77.  -91.  -87.  -84.  -88.  -95.  -99.  -75.  -68.  -60.  -73.  -72.
   -88.  -76.  -79.  -81.  -86.  -55.  -74.  -84.  -74.  -68.  -82.  -79.
   -77.  -51.  -68.  -74.]]
